3,460
82,577
62,013
49,844
41,324
18,821
22,511
10,857
10,945
4,665
6,994
7,034
6,137
3,776
3,528
3,441
3,421
2,997
2,946
2,905
2,800
1,876
2,043
1,957
1,795
1,438
1,366
981
1,280
1,153
1,220
1,221
1,034
913
1,023
988
976
913
823
718
718
706
105
509
663
613
505
573
557
563
511
506
403
369
477
475
235
296
434
361
331
313
339
279
300
256
279
264
256
267
263
235
238
227
222
219
216
168
213
210
183
147
173
143
135
139
90
137
131
134
108
122
104
108
104
75
99
88
93
88
62
73
84
77
79
80
68
72
69
67
64
65
61
64
61
58
56
48
46
50
50
32
22
23
32
29
30
29
27
22
23
20
24
24
24
18
16
16
13
15
5
13
13
12
12
11
11
11
11
9
8
7
7
8
8
6
8
4
6
7
7
7
7
6
6
6
6
4
4
4
5
5
5
5
4
4
4
2
2
2
3
3
3
3
3
3
2
3
3
1
2
2
2
2
2
2
1
1
1
1
