81,340
85,749
80,589
64,059
47,278
32,332
29,155
11,951
11,658
9,332
7,431
7,317
7,284
4,043
3,629
3,544
3,443
3,180
3,035
2,988
2,893
2,161
2,062
2,010
1,819
1,453
1,403
1,387
1,306
1,292
1,252
1,244
1,136
1,046
1,038
1,036
1,012
927
892
803
802
799
712
683
674
632
589
585
580
575
551
549
518
495
491
488
466
458
457
391
368
367
345
333
329
300
280
276
275
269
267
267
238
231
230
227
226
225
219
212
208
186
177
163
152
146
144
139
136
135
131
125
122
119
115
107
106
99
96
94
94
91
88
83
81
81
81
73
70
68
67
66
65
65
61
58
56
52
51
50
50
48
35
33
33
31
30
29
28
28
26
25
25
24
24
18
16
16
15
15
14
13
13
12
12
11
11
11
11
10
9
9
8
8
8
8
8
7
7
7
7
7
7
6
6
6
6
5
5
5
5
5
5
5
4
4
4
3
3
3
3
3
3
3
3
3
3
3
3
2
2
2
2
2
2
2
1
1
1
1
