3,292                                
1,304                                
8,215                                
4,858                                
281                                
2,378                                
1,696                                
197                                
578                                
139                                
434                                
58                                
289                                
39                                
75                                
60                                
16                                
13                                
10                                
77                                
77                                
26                                
9                                
52                                
19                                
9                                
34                                
47                                
4                                
24                                
9                                
16                                
5                                
87                                
5                                
3                                
3                                
2                                
27                                
54                                
2                                
20                                
10                                
2                                
9                                
9                                
12                                
8                                
9                                
1                                
3                                
 
4                                
24                                
6                                
10                                
4                                
40                                
8                                
7                                
 
25                                
5                                
2                                
1                                
10                                
 
3                                
11                                
 
3                                
2                                
 
2                                
3                                
6                                
5                                
 
3                                
 
21                                
8                                
2                                
 
7                                
3                                
 
 
4                                
 
 
1                                
3                                
 
 
1                                
 
 
 
4                                
 
1                                
2                                
1                                
2                                
1                                
 
1                                
1                                
1                                
2                                
1                                
1                                
1                                
 
 
 
3                                
3                                
 
 
5                                
 
 
 
1                                
 
 
 
 
1                                
1                                
 
 
 
 
 
 
 
 
 
 
 
 
 
 
 
 
 
1                                
 
 
1                                
 
 
 
 
1                                
1                                
 
 
 
 
 
 
 
 
1                                
1                                
1                                
 
 
 
 
 
 
 
1                                
1                                
 
 
 
 
 
 
 
 
 
 
1                                
 
 
 
 
 
 
 
 
 
 
