57
259
1,333
1,370
564
385
447
1,381
172
182
434
812
628
107
43
348
635
125
351
14
286
67
193
347
368
2,321
80
11
68
67
6
33
16
4
187
7
29
16
86
7
2,350
0.6
None
117
156
304
13
5
18
433
134
191
69
5
10
45
274
11
52
57
76
8
127
34
111
31
148
40
7
49
3,456
11
69
45
70
19
5
53
105
21
6,130
65
44
2
7
121
2,947
315
4
151
26
7
12
7
263
4
5
6
4
2
10
18
3
2
64
216
20
182
111
7
6
380
0.3
46
5
9
1,469
7
0.6
183
4
0.3
1,039
51
841
0.6
107
341
262
94
9
1
3
84
0.9
0.4
0.1
0.9
241
53
26
2
0.2
12
9
153
0.5
3
284
0.4
23
159
122
0.6
0.7
3
14
43
3
71
62
0.2
71
0.5
2
0.8
5
9
6
0.3
6
1,002
0.09
0.3
0.1
0.7
4,994
1
0.07
0.1
4
0.6
0.2
0.6
0.6
304
16
70
0.2
0.3
133
5
66
1
38
52
0.1
0.1
9
0.8
